1 3 3 1 83 0 1 0
2 4 7 0 88 4 0 1
3 0 1 5 25 2 1 0
4 1 4 3 80 2 0 1
5 2 3 0 49 2 0 1
6 3 7 0 65 5 0 1
7 0 10 4 23 3 0 1
8 4 2 0 0 3 0 2
9 1 4 1 42 0 0 0
10 1 7 1 57 0 1 2
11 2 11 0 14 3 0 2
12 1 10 4 75 6 0 1
13 4 3 4 52 4 1 0
14 2 7 5 85 4 1 0
15 1 3 0 95 1 1 0
16 1 2 4 34 2 0 1
17 2 0 5 73 3 0 0
18 3 10 3 2 2 0 0
19 3 11 3 82 4 0 1
20 1 2 3 14 3 0 2
21 1 4 2 86 4 0 1
22 3 0 0 54 3 0 0
23 2 3 0 60 3 0 0
24 2 3 2 13 0 1 0
25 3 8 2 66 0 0 0
26 4 0 4 67 4 1 0
27 4 6 5 75 5 0 1
28 5 5 1 80 0 0 0
29 5 3 1 32 1 0 0
30 1 6 5 31 3 1 0
