31 0 7 1 88 1 1 0
32 1 1 2 24 2 0 2
33 3 4 0 67 0 2 1
34 2 5 0 82 1 0 2
35 3 3 2 3 2 1 1
36 1 6 1 76 0 2 0
37 2 2 1 35 0 1 2
38 0 0 2 86 2 2 1
39 2 1 0 61 1 0 0
40 3 0 0 69 2 1 1
41 0 7 2 87 1 2 0
42 1 4 1 43 0 0 2
43 3 5 0 32 1 1 1
44 1 3 2 11 0 2 2
45 0 6 1 84 2 0 0
46 2 2 1 10 0 1 0
47 1 0 2 54 2 2 2
48 3 5 0 37 1 0 1
49 2 6 2 28 2 0 2
50 0 7 1 2 0 2 0
51 2 2 0 27 1 1 1
52 1 1 2 83 0 0 2
53 0 4 0 89 2 1 0
54 3 3 1 23 1 2 1
55 1 3 2 53 2 2 0
56 2 6 0 51 1 1 1
57 3 0 1 46 0 0 2
58 0 5 2 20 0 2 0
59 3 7 1 53 1 1 1
60 1 4 0 29 2 0 2
61 2 1 0 67 2 2 1
62 0 2 1 35 0 0 2
63 3 1 2 39 1 1 0
64 1 6 0 9 2 2 0
65 2 4 2 73 1 0 1
66 0 7 1 41 0 1 2
67 0 5 2 23 2 2 2
68 2 0 0 3 0 1 0
69 1 3 1 46 1 0 1
70 3 2 1 90 0 2 0
71 2 1 2 50 2 1 1
72 3 5 0 3 1 0 2
73 0 4 2 31 1 1 1
74 1 0 0 9 0 2 2
75 0 7 1 10 2 0 0
76 2 2 0 27 2 2 1
77 3 6 2 45 0 0 2
78 1 3 1 71 1 1 0
79 2 1 0 39 1 1 2
80 3 7 2 61 0 0 1
81 1 4 1 85 2 2 0
82 0 3 1 97 0 1 0
83 2 2 2 44 2 0 1
84 3 0 0 34 1 2 2
85 1 6 2 34 2 1 0
86 0 5 0 88 0 2 1
87 1 1 1 33 1 0 2
88 3 2 1 5 0 1 2
89 2 7 2 36 2 2 1
90 0 4 0 0 1 0 0
91 3 6 0 75 2 0 2
92 0 0 1 34 0 1 0
93 2 5 2 69 1 2 1
94 1 3 0 53 2 2 0
95 2 7 2 80 1 1 1
96 3 5 1 62 0 0 2
97 0 1 0 8 2 0 2
98 1 6 2 61 0 2 1
99 0 3 1 1 1 1 0
100 2 4 1 81 0 1 2
101 3 0 0 35 2 2 1
102 1 2 2 91 1 0 0
