1 3 3 1 83 0 1 0
2 4 7 0 88 4 0 1
3 0 1 5 25 2 1 0
4 1 4 3 80 2 0 1
5 2 3 0 49 2 0 1
6 3 7 0 65 5 0 1
7 0 10 4 23 3 0 1
8 4 2 0 0 3 0 2
9 1 4 1 42 0 0 0
10 1 7 1 57 0 1 2
11 2 11 0 14 3 0 2
12 1 10 4 75 6 0 1
13 4 3 4 52 4 1 0
14 2 7 5 85 4 1 0
15 1 3 0 95 1 1 0
16 1 2 4 34 2 0 1
17 2 0 5 73 3 0 0
18 3 10 3 2 2 0 0
19 3 11 3 82 4 0 1
20 1 2 3 14 3 0 2
21 1 4 2 86 4 0 1
22 3 0 0 54 3 0 0
23 2 3 0 60 3 0 0
24 2 3 2 13 0 1 0
25 3 8 2 66 0 0 0
26 4 0 4 67 4 1 0
27 4 6 5 75 5 0 1
28 5 5 1 80 0 0 0
29 5 3 1 32 1 0 0
30 1 6 5 31 3 1 0
31 0 9 2 40 2 0 1
32 5 9 1 95 3 0 2
33 5 8 3 82 4 0 2
34 3 6 5 69 4 0 2
35 4 10 3 37 3 0 0
36 0 2 3 83 6 0 1
37 4 5 5 67 5 0 1
38 1 7 3 46 3 0 1
39 3 9 2 27 2 0 2
40 4 2 2 88 3 0 1
41 4 0 3 34 2 0 1
42 0 1 1 35 2 0 1
43 4 4 0 25 3 0 0
44 5 1 1 18 3 0 0
45 5 2 5 12 6 0 1
46 3 5 3 22 2 1 0
47 2 12 3 83 1 0 2
48 5 5 1 89 3 0 1
49 1 12 3 81 0 1 2
50 0 6 0 36 4 0 1
51 3 3 0 56 0 0 2
52 0 3 0 71 5 0 1
53 1 8 4 55 4 0 1
54 4 9 0 42 3 0 0
55 2 4 3 83 4 0 2
56 5 11 4 39 0 0 0
57 4 1 3 51 2 0 0
58 5 2 3 30 4 0 1
59 3 7 4 18 4 0 1
60 2 5 0 94 3 0 1
61 3 10 1 73 2 0 0
62 0 8 0 22 1 0 0
63 3 6 1 71 1 0 0
64 4 0 0 23 1 0 0
65 4 1 1 20 4 0 0
66 3 1 3 53 3 0 1
67 1 6 0 83 1 1 2
68 4 5 0 3 4 1 0
69 4 4 4 80 2 1 2
70 0 11 3 63 2 1 0
71 3 3 3 76 1 0 0
72 2 1 3 3 1 0 2
73 1 1 0 39 4 0 0
74 3 5 3 98 2 0 0
75 4 1 4 68 2 0 1
76 5 3 1 53 0 0 2
77 5 8 4 7 3 0 1
78 4 3 4 71 5 0 1
79 1 3 5 92 3 1 0
80 0 8 3 38 3 0 0
81 3 2 3 87 4 0 1
82 0 3 1 44 3 0 0
83 5 9 4 57 4 0 1
84 1 3 2 20 5 0 1
85 4 9 4 77 3 0 1
86 1 10 2 22 2 1 2
87 3 6 0 61 2 0 0
88 0 10 3 13 2 0 0
89 5 11 2 7 1 0 2
90 2 2 4 78 1 1 0
91 4 2 4 46 5 0 1
92 1 12 0 80 4 0 1
93 5 10 0 90 0 1 2
94 0 5 0 34 0 1 0
95 0 6 4 6 3 1 0
96 2 12 4 69 3 0 0
97 4 6 5 21 3 0 1
98 5 3 2 8 5 0 1
99 5 5 0 25 1 1 2
100 4 10 2 54 1 1 2